Method: collins, Scoretype: mark
25\%: (array([[  1.00000000e+00,   0.00000000e+00,   0.00000000e+00,
          0.00000000e+00,   0.00000000e+00,   0.00000000e+00,
          0.00000000e+00,   0.00000000e+00],
       [  0.00000000e+00,   9.94790738e-01,   5.20926250e-03,
          0.00000000e+00,   0.00000000e+00,   0.00000000e+00,
          0.00000000e+00,   0.00000000e+00],
       [  0.00000000e+00,   8.49080234e-06,   9.36391154e-01,
          6.28107103e-02,   2.75951076e-04,   4.54257925e-04,
          0.00000000e+00,   5.94356164e-05],
       [  9.37558597e-05,   0.00000000e+00,   6.69604350e-01,
          3.21488843e-01,   1.12507032e-03,   6.28164260e-03,
          0.00000000e+00,   1.40633790e-03],
       [  0.00000000e+00,   1.64495621e-03,   1.54714800e-02,
          2.26737207e-03,   8.99924421e-01,   8.89165518e-05,
          1.64940204e-02,   6.41088339e-02],
       [  0.00000000e+00,   0.00000000e+00,   2.81090290e-01,
          7.11243612e-01,   8.51788756e-04,   6.81431005e-03,
          0.00000000e+00,   0.00000000e+00],
       [  0.00000000e+00,   0.00000000e+00,   0.00000000e+00,
          0.00000000e+00,   8.96810507e-01,   0.00000000e+00,
          2.62664165e-02,   7.69230769e-02],
       [  0.00000000e+00,   1.31469115e-02,   6.46911519e-03,
          0.00000000e+00,   7.57721202e-01,   0.00000000e+00,
          1.81552588e-02,   2.04507513e-01]]), array([ 1.        ,  0.99479074,  0.93639115,  0.32148884,  0.89992442,
        0.00681431,  0.02626642,  0.20450751]))
50\%: (array([[  1.00000000e+00,   0.00000000e+00,   0.00000000e+00,
          0.00000000e+00,   0.00000000e+00,   0.00000000e+00,
          0.00000000e+00,   0.00000000e+00],
       [  0.00000000e+00,   1.00000000e+00,   0.00000000e+00,
          0.00000000e+00,   0.00000000e+00,   0.00000000e+00,
          0.00000000e+00,   0.00000000e+00],
       [  0.00000000e+00,   1.43919100e-03,   9.82589610e-01,
          7.34454402e-03,   9.76442269e-05,   8.52901095e-03,
          0.00000000e+00,   0.00000000e+00],
       [  0.00000000e+00,   1.12507032e-03,   7.85392837e-01,
          1.19538721e-01,   1.21882618e-03,   9.27245453e-02,
          0.00000000e+00,   0.00000000e+00],
       [  0.00000000e+00,   2.00062242e-03,   1.31151914e-02,
          1.33374828e-04,   4.42671053e-01,   1.11145690e-03,
          1.80500600e-02,   5.22918241e-01],
       [  0.00000000e+00,   0.00000000e+00,   3.13458262e-01,
          2.89608177e-02,   1.70357751e-03,   6.55877342e-01,
          0.00000000e+00,   0.00000000e+00],
       [  0.00000000e+00,   0.00000000e+00,   0.00000000e+00,
          0.00000000e+00,   3.41463415e-01,   0.00000000e+00,
          3.84615385e-02,   6.20075047e-01],
       [  0.00000000e+00,   1.46076795e-03,   0.00000000e+00,
          0.00000000e+00,   2.37687813e-01,   0.00000000e+00,
          1.14774624e-02,   7.49373957e-01]]), array([ 1.        ,  1.        ,  0.98258961,  0.11953872,  0.44267105,
        0.65587734,  0.03846154,  0.74937396]))
75\%: (array([[  1.00000000e+00,   0.00000000e+00,   0.00000000e+00,
          0.00000000e+00,   0.00000000e+00,   0.00000000e+00,
          0.00000000e+00,   0.00000000e+00],
       [  0.00000000e+00,   1.00000000e+00,   0.00000000e+00,
          0.00000000e+00,   0.00000000e+00,   0.00000000e+00,
          0.00000000e+00,   0.00000000e+00],
       [  0.00000000e+00,   8.27853228e-04,   9.68244399e-01,
          1.86415565e-02,   3.05668884e-04,   1.19805221e-02,
          0.00000000e+00,   0.00000000e+00],
       [  0.00000000e+00,   7.50046878e-04,   7.28858054e-01,
          1.58728671e-01,   1.40633790e-03,   1.10256891e-01,
          0.00000000e+00,   0.00000000e+00],
       [  0.00000000e+00,   7.55790690e-04,   1.23594007e-02,
          6.66874139e-04,   6.38065176e-01,   1.55603966e-03,
          2.14288890e-02,   3.25167830e-01],
       [  0.00000000e+00,   0.00000000e+00,   2.75979557e-01,
          2.55536627e-02,   2.55536627e-03,   6.95911414e-01,
          0.00000000e+00,   0.00000000e+00],
       [  0.00000000e+00,   0.00000000e+00,   0.00000000e+00,
          0.00000000e+00,   6.52908068e-01,   0.00000000e+00,
          3.00187617e-02,   3.17073171e-01],
       [  0.00000000e+00,   8.34724541e-04,   0.00000000e+00,
          0.00000000e+00,   5.89732888e-01,   0.00000000e+00,
          1.89899833e-02,   3.90442404e-01]]), array([ 1.        ,  1.        ,  0.9682444 ,  0.15872867,  0.63806518,
        0.69591141,  0.03001876,  0.3904424 ]))
